use application 'polytope';
declare $tmp;
$tmp = new Polytope<Rational>(VERTICES=>[[1,1,0,0,1,1,0,0,0],
[0,0,1,1,1,1,0,0,-1],
[1,1,0,0,1,1,0,0,1],
[0,0,1,1,1,1,0,0,0],
[1,1,0,0,0,1,1,0,0],
[1,0,0,1,0,1,1,0,-1],
[0,1,1,0,0,1,1,0,1],
[0,0,1,1,0,1,1,0,0],
[1,1,0,0,1,0,0,1,0],
[0,1,1,0,1,0,0,1,-1],
[1,0,0,1,1,0,0,1,1],
[0,0,1,1,1,0,0,1,0],
[1,1,0,0,0,0,1,1,0],
[1,1,0,0,0,0,1,1,-1],
[0,0,1,1,0,0,1,1,1],
[0,0,1,1,0,0,1,1,0]],
LINEALITY_SPACE=>[]);
open(my $f1, '> ./example'); print $f1 $tmp->FACETS; close($f1);
